192.00
0

191.00
1

191.00
2

191.00
3

190.00
4

191.00
5

191.00
6

191.00
7

191.00
8

191.00
9

191.00
10

192.00
11

191.00
12

191.00
13

191.00
14

191.00
15

191.00
16

191.00
17

191.00
18

190.00
19

190.00
20

192.00
21

191.00
22

191.00
23

191.00
24

191.00
25

191.00
26

191.00
27

191.00
28

191.00
29

191.00
30

191.00
31

191.00
32

191.00
33

191.00
34

191.00
35

191.00
36

192.00
37

192.00
38

192.00
39

191.00
40

191.00
41

190.00
42

190.00
43

191.00
44

191.00
45

190.00
46

191.00
47

191.00
48

191.00
49

191.00
50

191.00
51

192.00
52

192.00
53

191.00
54

191.00
55

191.00
56

191.00
57

191.00
58

191.00
59

192.00
60

191.00
61

191.00
62

192.00
63

191.00
64

191.00
65

191.00
66

191.00
67

192.00
68

191.00
69

192.00
70

192.00
71

192.00
72

191.00
73

191.00
74

191.00
75

192.00
76

191.00
77

191.00
78

191.00
79

192.00
80

191.00
81

192.00
82

191.00
83

192.00
84

191.00
85

191.00
86

192.00
87

192.00
88

191.00
89

192.00
90

191.00
91

191.00
92

192.00
93

192.00
94

192.00
95

191.00
96

191.00
97

192.00
98

191.00
99

191.00
100

191.00
101

192.00
102

192.00
103

191.00
104

191.00
105

192.00
106

192.00
107

191.00
108

191.00
109

191.00
110

191.00
111

191.00
112

192.00
113

191.00
114

192.00
115

191.00
116

191.00
117

192.00
118

190.00
119

191.00
120

191.00
121

191.00
122

192.00
123

191.00
124

190.00
125

191.00
126

191.00
127

192.00
128

192.00
129

192.00
130

192.00
131

192.00
132

192.00
133

192.00
134

192.00
135

191.00
136

192.00
137

192.00
138

191.00
139

191.00
140

192.00
141

192.00
142

191.00
143

192.00
144

191.00
145

191.00
146

191.00
147

191.00
148

192.00
149

192.00
150

192.00
151

190.00
152

192.00
153

191.00
154

192.00
155

192.00
156

192.00
157

192.00
158

191.00
159

191.00
160

192.00
161

192.00
162

191.00
163

192.00
164

191.00
165

192.00
166

192.00
167

191.00
168

192.00
169

192.00
170

193.00
171

192.00
172

191.00
173

192.00
174

192.00
175

191.00
176

191.00
177

191.00
178

192.00
179

192.00
180

192.00
181

192.00
182

192.00
183

192.00
184

190.00
185

192.00
186

192.00
187

191.00
188

192.00
189

192.00
190

191.00
191

192.00
192

191.00
193

191.00
194

192.00
195

191.00
196

192.00
197

192.00
198

192.00
199

193.00
200

192.00
201

192.00
202

192.00
203

191.00
204

192.00
205

191.00
206

192.00
207

192.00
208

191.00
209

192.00
210

192.00
211

191.00
212

191.00
213

193.00
214

191.00
215

192.00
216

191.00
217

192.00
218

192.00
219

191.00
220

192.00
221

192.00
222

192.00
223

191.00
224

192.00
225

192.00
226

191.00
227

191.00
228

192.00
229

192.00
230

193.00
231

192.00
232

192.00
233

192.00
234

192.00
235

192.00
236

192.00
237

192.00
238

193.00
239

192.00
240

192.00
241

191.00
242

192.00
243

192.00
244

192.00
245

191.00
246

192.00
247

192.00
248

192.00
249

191.00
250

192.00
251

192.00
252

191.00
253

192.00
254

192.00
255

191.00
256

193.00
257

192.00
258

192.00
259

191.00
260

192.00
261

192.00
262

192.00
263

192.00
264

192.00
265

192.00
266

192.00
267

192.00
268

192.00
269

192.00
270

192.00
271

192.00
272

192.00
273

192.00
274

193.00
275

192.00
276

192.00
277

193.00
278

192.00
279

192.00
280

192.00
281

192.00
282

192.00
283

192.00
284

192.00
285

192.00
286

191.00
287

192.00
288

192.00
289

193.00
290

192.00
291

192.00
292

192.00
293

191.00
294

193.00
295

192.00
296

192.00
297

192.00
298

192.00
299

192.00
300

192.00
301

192.00
302

192.00
303

192.00
304

192.00
305

193.00
306

192.00
307

191.00
308

191.00
309

192.00
310

191.00
311

192.00
312

192.00
313

194.00
314

192.00
315

192.00
316

193.00
317

192.00
318

193.00
319

192.00
320

192.00
321

192.00
322

192.00
323

193.00
324

191.00
325

192.00
326

192.00
327

191.00
328

192.00
329

192.00
330

193.00
331

193.00
332

192.00
333

192.00
334

192.00
335

192.00
336

193.00
337

192.00
338

192.00
339

192.00
340

192.00
341

193.00
342

192.00
343

191.00
344

192.00
345

192.00
346

193.00
347

192.00
348

192.00
349

193.00
350

192.00
351

192.00
352

192.00
353

192.00
354

192.00
355

193.00
356

192.00
357

193.00
358

191.00
359

193.00
360

192.00
361

192.00
362

193.00
363

193.00
364

193.00
365

192.00
366

192.00
367

193.00
368

192.00
369

193.00
370

193.00
371

192.00
372

192.00
373

192.00
374

193.00
375

192.00
376

192.00
377

193.00
378

192.00
379

193.00
380

193.00
381

192.00
382

193.00
383

192.00
384

193.00
385

192.00
386

192.00
387

193.00
388

193.00
389

192.00
390

193.00
391

193.00
392

193.00
393

192.00
394

193.00
395

193.00
396

193.00
397

193.00
398

193.00
399

194.00
400

193.00
401

194.00
402

194.00
403

196.00
404

194.00
405

194.00
406

195.00
407

196.00
408

197.00
409

197.00
410

197.00
411

198.00
412

198.00
413

199.00
414

198.00
415

200.00
416

202.00
417

200.00
418

202.00
419

202.00
420

204.00
421

203.00
422

204.00
423

205.00
424

207.00
425

206.00
426

207.00
427

208.00
428

209.00
429

210.00
430

208.00
431

214.00
432

216.00
433

213.00
434

214.00
435

215.00
436

216.00
437

214.00
438

212.00
439

218.00
440

222.00
441

222.00
442

223.00
443

221.00
444

226.00
445

224.00
446

223.00
447

232.00
448

238.00
449

230.00
450

232.00
451

237.00
452

240.00
453

237.00
454

240.00
455

247.00
456

247.00
457

246.00
458

250.00
459

250.00
460

253.00
461

249.00
462

253.00
463

259.00
464

261.00
465

260.00
466

265.00
467

265.00
468

266.00
469

272.00
470

269.00
471

283.00
472

277.00
473

278.00
474

280.00
475

287.00
476

287.00
477

288.00
478

289.00
479

307.00
480

309.00
481

302.00
482

304.00
483

313.00
484

309.00
485

302.00
486

315.00
487

329.00
488

332.00
489

313.00
490

326.00
491

338.00
492

339.00
493

335.00
494

333.00
495

356.00
496

358.00
497

353.00
498

349.00
499

344.00
500

357.00
501

355.00
502

358.00
503

383.00
504

384.00
505

367.00
506

371.00
507

385.00
508

387.00
509

383.00
510

393.00
511

403.00
512

404.00
513

401.00
514

413.00
515

401.00
516

397.00
517

403.00
518

417.00
519

436.00
520

429.00
521

426.00
522

448.00
523

434.00
524

431.00
525

435.00
526

433.00
527

460.00
528

473.00
529

444.00
530

481.00
531

478.00
532

494.00
533

490.00
534

475.00
535

482.00
536

477.00
537

484.00
538

498.00
539

502.00
540

487.00
541

501.00
542

509.00
543

547.00
544

513.00
545

535.00
546

530.00
547

533.00
548

550.00
549

526.00
550

542.00
551

571.00
552

569.00
553

554.00
554

567.00
555

589.00
556

587.00
557

579.00
558

589.00
559

614.00
560

618.00
561

601.00
562

617.00
563

621.00
564

625.00
565

636.00
566

629.00
567

681.00
568

687.00
569

621.00
570

642.00
571

651.00
572

665.00
573

662.00
574

689.00
575

651.00
576

685.00
577

702.00
578

726.00
579

724.00
580

728.00
581

721.00
582

760.00
583

797.00
584

802.00
585

745.00
586

798.00
587

763.00
588

810.00
589

774.00
590

776.00
591

826.00
592

837.00
593

825.00
594

825.00
595

847.00
596

852.00
597

859.00
598

863.00
599

863.00
600

862.00
601

861.00
602

864.00
603

864.00
604

864.00
605

864.00
606

864.00
607

864.00
608

864.00
609

864.00
610

864.00
611

864.00
612

865.00
613

864.00
614

864.00
615

864.00
616

864.00
617

864.00
618

864.00
619

864.00
620

864.00
621

864.00
622

864.00
623

864.00
624

864.00
625

864.00
626

864.00
627

864.00
628

864.00
629

864.00
630

864.00
631

864.00
632

864.00
633

865.00
634

864.00
635

864.00
636

864.00
637

864.00
638

864.00
639

863.00
640

864.00
641

864.00
642

863.00
643

864.00
644

864.00
645

863.00
646

865.00
647

864.00
648

865.00
649

864.00
650

864.00
651

864.00
652

863.00
653

864.00
654

864.00
655

864.00
656

864.00
657

864.00
658

863.00
659

864.00
660

864.00
661

864.00
662

864.00
663

864.00
664

864.00
665

864.00
666

864.00
667

864.00
668

864.00
669

864.00
670

864.00
671

864.00
672

864.00
673

863.00
674

864.00
675

864.00
676

863.00
677

863.00
678

864.00
679

865.00
680

863.00
681

864.00
682

864.00
683

864.00
684

864.00
685

864.00
686

863.00
687

865.00
688

864.00
689

863.00
690

864.00
691

864.00
692

864.00
693

864.00
694

864.00
695

864.00
696

864.00
697

864.00
698

864.00
699

864.00
700

865.00
701

863.00
702

864.00
703

863.00
704

863.00
705

864.00
706

863.00
707

864.00
708

864.00
709

864.00
710

865.00
711

864.00
712

864.00
713

864.00
714

863.00
715

864.00
716

864.00
717

864.00
718

865.00
719

864.00
720

864.00
721

864.00
722

863.00
723

865.00
724

864.00
725

864.00
726

864.00
727

864.00
728

864.00
729

864.00
730

864.00
731

864.00
732

864.00
733

865.00
734

864.00
735

863.00
736

864.00
737

864.00
738

864.00
739

864.00
740

864.00
741

864.00
742

863.00
743

864.00
744

864.00
745

863.00
746

864.00
747

864.00
748

864.00
749

865.00
750

864.00
751

864.00
752

864.00
753

863.00
754

864.00
755

864.00
756

864.00
757

864.00
758

864.00
759

864.00
760

864.00
761

864.00
762

864.00
763

864.00
764

865.00
765

864.00
766

863.00
767

865.00
768

864.00
769

865.00
770

864.00
771

864.00
772

864.00
773

864.00
774

864.00
775

864.00
776

864.00
777

864.00
778

864.00
779

864.00
780

865.00
781

864.00
782

864.00
783

864.00
784

863.00
785

864.00
786

847.00
787

832.00
788

797.00
789

798.00
790

785.00
791

713.00
792

694.00
793

703.00
794

674.00
795

669.00
796

655.00
797

637.00
798

643.00
799

554.00
800

557.00
801

528.00
802

513.00
803

517.00
804

477.00
805

476.00
806

477.00
807

432.00
808

424.00
809

425.00
810

425.00
811

403.00
812

398.00
813

390.00
814

392.00
815

351.00
816

344.00
817

338.00
818

322.00
819

313.00
820

298.00
821

301.00
822

300.00
823

270.00
824

260.00
825

259.00
826

252.00
827

243.00
828

241.00
829

234.00
830

232.00
831

225.00
832

216.00
833

214.00
834

209.00
835

209.00
836

205.00
837

204.00
838

203.00
839

202.00
840

203.00
841

204.00
842

203.00
843

202.00
844

203.00
845

202.00
846

202.00
847

203.00
848

202.00
849

204.00
850

204.00
851

201.00
852

202.00
853

201.00
854

203.00
855

202.00
856

203.00
857

203.00
858

202.00
859

202.00
860

202.00
861

202.00
862

201.00
863

202.00
864

202.00
865

201.00
866

202.00
867

202.00
868

200.00
869

202.00
870

203.00
871

201.00
872

202.00
873

201.00
874

202.00
875

202.00
876

201.00
877

202.00
878

202.00
879

202.00
880

202.00
881

199.00
882

201.00
883

202.00
884

201.00
885

201.00
886

201.00
887

201.00
888

202.00
889

200.00
890

201.00
891

202.00
892

202.00
893

202.00
894

199.00
895

202.00
896

201.00
897

200.00
898

203.00
899

200.00
900

201.00
901

201.00
902

201.00
903

201.00
904

200.00
905

200.00
906

200.00
907

201.00
908

200.00
909

200.00
910

199.00
911

201.00
912

201.00
913

200.00
914

201.00
915

200.00
916

201.00
917

201.00
918

199.00
919

201.00
920

200.00
921

199.00
922

200.00
923

200.00
924

200.00
925

199.00
926

200.00
927

200.00
928

200.00
929

199.00
930

199.00
931

200.00
932

200.00
933

199.00
934

199.00
935

199.00
936

199.00
937

199.00
938

199.00
939

199.00
940

199.00
941

199.00
942

200.00
943

199.00
944

199.00
945

200.00
946

199.00
947

199.00
948

199.00
949

199.00
950

199.00
951

198.00
952

197.00
953

199.00
954

198.00
955

199.00
956

199.00
957

198.00
958

199.00
959

199.00
960

198.00
961

198.00
962

197.00
963

199.00
964

198.00
965

198.00
966

198.00
967

198.00
968

198.00
969

198.00
970

197.00
971

198.00
972

198.00
973

198.00
974

198.00
975

197.00
976

199.00
977

195.00
978

198.00
979

196.00
980

198.00
981

198.00
982

198.00
983

198.00
984

198.00
985

197.00
986

197.00
987

197.00
988

197.00
989

197.00
990

197.00
991

196.00
992

197.00
993

197.00
994

197.00
995

197.00
996

198.00
997

197.00
998

197.00
999

198.00
1000

196.00
1001

197.00
1002

197.00
1003

196.00
1004

196.00
1005

196.00
1006

197.00
1007

195.00
1008

196.00
1009

196.00
1010

197.00
1011

196.00
1012

197.00
1013

197.00
1014

196.00
1015

197.00
1016

196.00
1017

196.00
1018

196.00
1019

196.00
1020

197.00
1021

196.00
1022

196.00
1023

196.00
1024

197.00
1025

196.00
1026

196.00
1027

196.00
1028

196.00
1029

196.00
1030

197.00
1031

196.00
1032

195.00
1033

195.00
1034

197.00
1035

196.00
1036

196.00
1037

196.00
1038

195.00
1039

195.00
1040

195.00
1041

196.00
1042

196.00
1043

196.00
1044

195.00
1045

196.00
1046

195.00
1047

195.00
1048

194.00
1049

195.00
1050

195.00
1051

195.00
1052

195.00
1053

196.00
1054

196.00
1055

195.00
1056

195.00
1057

195.00
1058

195.00
1059

196.00
1060

195.00
1061

196.00
1062

195.00
1063

196.00
1064

195.00
1065

195.00
1066

195.00
1067

196.00
1068

195.00
1069

195.00
1070

196.00
1071

196.00
1072

194.00
1073

196.00
1074

195.00
1075

195.00
1076

195.00
1077

195.00
1078

195.00
1079

195.00
1080

195.00
1081

195.00
1082

195.00
1083

195.00
1084

195.00
1085

195.00
1086

195.00
1087

194.00
1088

195.00
1089

195.00
1090

194.00
1091

195.00
1092

195.00
1093

194.00
1094

195.00
1095

194.00
1096

195.00
1097

195.00
1098

194.00
1099

195.00
1100

194.00
1101

194.00
1102

195.00
1103

194.00
1104

194.00
1105

194.00
1106

195.00
1107

195.00
1108

194.00
1109

194.00
1110

194.00
1111

195.00
1112

194.00
1113

194.00
1114

194.00
1115

194.00
1116

194.00
1117

195.00
1118

195.00
1119

194.00
1120

193.00
1121

194.00
1122

194.00
1123

194.00
1124

194.00
1125

194.00
1126

194.00
1127

195.00
1128

194.00
1129

193.00
1130

194.00
1131

193.00
1132

194.00
1133

193.00
1134

194.00
1135

194.00
1136

193.00
1137

194.00
1138

194.00
1139

193.00
1140

193.00
1141

194.00
1142

194.00
1143

193.00
1144

193.00
1145

194.00
1146

193.00
1147

194.00
1148

193.00
1149

194.00
1150

193.00
1151

193.00
1152

193.00
1153

194.00
1154

194.00
1155

194.00
1156

193.00
1157

193.00
1158

193.00
1159

193.00
1160

194.00
1161

193.00
1162

194.00
1163

193.00
1164

192.00
1165

193.00
1166

193.00
1167

193.00
1168

193.00
1169

193.00
1170

194.00
1171

193.00
1172

193.00
1173

193.00
1174

194.00
1175

193.00
1176

193.00
1177

194.00
1178

194.00
1179

192.00
1180

193.00
1181

194.00
1182

193.00
1183

193.00
1184

193.00
1185

194.00
1186

193.00
1187

193.00
1188

194.00
1189

193.00
1190

192.00
1191

193.00
1192

193.00
1193

193.00
1194

193.00
1195

193.00
1196

193.00
1197

193.00
1198

193.00
1199

192.00
1200

194.00
1201

193.00
1202

193.00
1203

193.00
1204

193.00
1205

192.00
1206

193.00
1207

192.00
1208

192.00
1209

193.00
1210

194.00
1211

193.00
1212

193.00
1213

193.00
1214

193.00
1215

192.00
1216

193.00
1217

193.00
1218

193.00
1219

193.00
1220

193.00
1221

192.00
1222

192.00
1223

192.00
1224

193.00
1225

192.00
1226

191.00
1227

193.00
1228

192.00
1229

193.00
1230

192.00
1231

193.00
1232

192.00
1233

191.00
1234

193.00
1235

193.00
1236

192.00
1237

193.00
1238

193.00
1239

192.00
1240

193.00
1241

193.00
1242

193.00
1243

192.00
1244

191.00
1245

192.00
1246

193.00
1247

192.00
1248

192.00
1249

193.00
1250

192.00
1251

192.00
1252

192.00
1253

193.00
1254

192.00
1255

193.00
1256

193.00
1257

192.00
1258

192.00
1259

193.00
1260

192.00
1261

192.00
1262

192.00
1263

192.00
1264

192.00
1265

192.00
1266

192.00
1267

193.00
1268

192.00
1269

192.00
1270

191.00
1271

192.00
1272

193.00
1273

191.00
1274

192.00
1275

192.00
1276

191.00
1277

191.00
1278

192.00
1279

191.00
1280

192.00
1281

193.00
1282

191.00
1283

192.00
1284

192.00
1285

193.00
1286

192.00
1287

191.00
1288

192.00
1289

191.00
1290

192.00
1291

192.00
1292

192.00
1293

191.00
1294

192.00
1295

192.00
1296

192.00
1297

191.00
1298

193.00
1299

192.00
1300

192.00
1301

192.00
1302

192.00
1303

192.00
1304

191.00
1305

193.00
1306

192.00
1307

192.00
1308

191.00
1309

191.00
1310

192.00
1311

191.00
1312

193.00
1313

191.00
1314

191.00
1315

192.00
1316

192.00
1317

191.00
1318

191.00
1319

191.00
1320

192.00
1321

191.00
1322

192.00
1323

191.00
1324

192.00
1325

192.00
1326

191.00
1327

192.00
1328

192.00
1329

191.00
1330

192.00
1331

192.00
1332

191.00
1333

191.00
1334

192.00
1335

191.00
1336

191.00
1337

192.00
1338

191.00
1339

191.00
1340

191.00
1341

191.00
1342

191.00
1343

191.00
1344

191.00
1345

192.00
1346

192.00
1347

191.00
1348

190.00
1349

192.00
1350

191.00
1351

191.00
1352

191.00
1353

191.00
1354

192.00
1355

191.00
1356

192.00
1357

191.00
1358

191.00
1359

191.00
1360

192.00
1361

191.00
1362

191.00
1363

192.00
1364

191.00
1365

191.00
1366

192.00
1367

192.00
1368

191.00
1369

190.00
1370

191.00
1371

191.00
1372

191.00
1373

191.00
1374

191.00
1375

191.00
1376

191.00
1377

191.00
1378

191.00
1379

191.00
1380

191.00
1381

191.00
1382

191.00
1383

191.00
1384

192.00
1385

192.00
1386

192.00
1387

191.00
1388

192.00
1389

191.00
1390

192.00
1391

191.00
1392

192.00
1393

191.00
1394

191.00
1395

191.00
1396

190.00
1397

191.00
1398

192.00
1399

192.00
1400

191.00
1401

191.00
1402

191.00
1403

190.00
1404

191.00
1405

192.00
1406

191.00
1407

191.00
1408

191.00
1409

192.00
1410

191.00
1411

191.00
1412

191.00
1413

192.00
1414

191.00
1415

191.00
1416

191.00
1417

191.00
1418

190.00
1419

191.00
1420

191.00
1421

191.00
1422

190.00
1423

191.00
1424

191.00
1425

191.00
1426

192.00
1427

191.00
1428

191.00
1429

191.00
1430

191.00
1431

191.00
1432

190.00
1433

191.00
1434

192.00
1435

191.00
1436

192.00
1437

192.00
1438

192.00
1439

190.00
1440

190.00
1441

192.00
1442

191.00
1443

191.00
1444

191.00
1445

192.00
1446

191.00
1447

191.00
1448

191.00
1449

192.00
1450

191.00
1451

191.00
1452

191.00
1453

191.00
1454

191.00
1455

191.00
1456

191.00
1457

191.00
1458

191.00
1459

192.00
1460

191.00
1461

191.00
1462

191.00
1463

192.00
1464

191.00
1465

190.00
1466

192.00
1467

190.00
1468

190.00
1469

191.00
1470

191.00
1471

191.00
1472

191.00
1473

191.00
1474

191.00
1475

191.00
1476

191.00
1477

191.00
1478

190.00
1479

191.00
1480

191.00
1481

191.00
1482

191.00
1483

191.00
1484

191.00
1485

191.00
1486

191.00
1487

191.00
1488

191.00
1489

191.00
1490

191.00
1491

191.00
1492

191.00
1493

191.00
1494

191.00
1495

190.00
1496

191.00
1497

190.00
1498

192.00
1499

191.00
1500

191.00
1501

191.00
1502

191.00
1503

191.00
1504

191.00
1505

191.00
1506

191.00
1507

191.00
1508

190.00
1509

191.00
1510

191.00
1511

191.00
1512

191.00
1513

191.00
1514

190.00
1515

191.00
1516

190.00
1517

191.00
1518

191.00
1519

191.00
1520

192.00
1521

191.00
1522

190.00
1523

191.00
1524

191.00
1525

190.00
1526

191.00
1527

191.00
1528

191.00
1529

191.00
1530

191.00
1531

191.00
1532

191.00
1533

191.00
1534

192.00
1535

191.00
1536

190.00
1537

191.00
1538

191.00
1539

190.00
1540

191.00
1541

191.00
1542

191.00
1543

190.00
1544

191.00
1545

191.00
1546

190.00
1547

191.00
1548

190.00
1549

190.00
1550

191.00
1551

191.00
1552

191.00
1553

191.00
1554

190.00
1555

190.00
1556

190.00
1557

191.00
1558

191.00
1559

191.00
1560

190.00
1561

189.00
1562

191.00
1563

191.00
1564

189.00
1565

191.00
1566

191.00
1567

191.00
1568

190.00
1569

191.00
1570

191.00
1571

191.00
1572

191.00
1573

190.00
1574

191.00
1575

190.00
1576

191.00
1577

190.00
1578

190.00
1579

191.00
1580

190.00
1581

191.00
1582

190.00
1583

190.00
1584

191.00
1585

191.00
1586

191.00
1587

190.00
1588

190.00
1589

191.00
1590

191.00
1591

191.00
1592

190.00
1593

191.00
1594

192.00
1595

191.00
1596

190.00
1597

191.00
1598

190.00
1599

190.00
1600

