183.00
1

185.00
2

185.00
3

184.00
4

186.00
5

185.00
6

185.00
7

186.00
8

185.00
9

186.00
10

184.00
11

186.00
12

185.00
13

186.00
14

185.00
15

185.00
16

185.00
17

184.00
18

185.00
19

186.00
20

185.00
21

186.00
22

185.00
23

185.00
24

185.00
25

185.00
26

186.00
27

184.00
28

185.00
29

185.00
30

185.00
31

185.00
32

185.00
33

185.00
34

184.00
35

186.00
36

185.00
37

185.00
38

185.00
39

185.00
40

185.00
41

185.00
42

184.00
43

186.00
44

185.00
45

186.00
46

185.00
47

185.00
48

185.00
49

185.00
50

185.00
51

186.00
52

185.00
53

185.00
54

185.00
55

186.00
56

185.00
57

185.00
58

185.00
59

185.00
60

185.00
61

185.00
62

185.00
63

186.00
64

185.00
65

185.00
66

184.00
67

186.00
68

185.00
69

186.00
70

185.00
71

185.00
72

185.00
73

185.00
74

185.00
75

186.00
76

185.00
77

185.00
78

185.00
79

185.00
80

185.00
81

186.00
82

185.00
83

185.00
84

185.00
85

185.00
86

185.00
87

186.00
88

185.00
89

186.00
90

185.00
91

185.00
92

185.00
93

185.00
94

185.00
95

185.00
96

185.00
97

185.00
98

185.00
99

185.00
100

185.00
101

185.00
102

185.00
103

185.00
104

186.00
105

185.00
106

185.00
107

185.00
108

185.00
109

184.00
110

185.00
111

185.00
112

186.00
113

185.00
114

185.00
115

185.00
116

185.00
117

185.00
118

184.00
119

186.00
120

186.00
121

185.00
122

184.00
123

185.00
124

185.00
125

185.00
126

186.00
127

186.00
128

185.00
129

184.00
130

185.00
131

185.00
132

185.00
133

185.00
134

185.00
135

185.00
136

185.00
137

185.00
138

185.00
139

185.00
140

185.00
141

185.00
142

185.00
143

186.00
144

185.00
145

186.00
146

185.00
147

185.00
148

186.00
149

185.00
150

185.00
151

185.00
152

185.00
153

186.00
154

185.00
155

185.00
156

185.00
157

185.00
158

186.00
159

184.00
160

185.00
161

185.00
162

184.00
163

185.00
164

185.00
165

185.00
166

185.00
167

185.00
168

185.00
169

185.00
170

184.00
171

186.00
172

185.00
173

185.00
174

185.00
175

185.00
176

186.00
177

185.00
178

184.00
179

185.00
180

185.00
181

185.00
182

184.00
183

185.00
184

185.00
185

184.00
186

184.00
187

185.00
188

185.00
189

186.00
190

185.00
191

184.00
192

185.00
193

185.00
194

185.00
195

185.00
196

185.00
197

185.00
198

184.00
199

185.00
200

185.00
201

185.00
202

184.00
203

184.00
204

185.00
205

185.00
206

185.00
207

185.00
208

184.00
209

185.00
210

185.00
211

185.00
212

186.00
213

185.00
214

185.00
215

184.00
216

185.00
217

185.00
218

185.00
219

185.00
220

185.00
221

185.00
222

185.00
223

185.00
224

185.00
225

185.00
226

184.00
227

185.00
228

185.00
229

185.00
230

185.00
231

185.00
232

185.00
233

185.00
234

185.00
235

185.00
236

185.00
237

185.00
238

185.00
239

185.00
240

185.00
241

185.00
242

185.00
243

185.00
244

185.00
245

185.00
246

184.00
247

185.00
248

185.00
249

185.00
250

185.00
251

184.00
252

185.00
253

186.00
254

184.00
255

185.00
256

185.00
257

185.00
258

186.00
259

185.00
260

185.00
261

184.00
262

184.00
263

185.00
264

184.00
265

185.00
266

184.00
267

185.00
268

185.00
269

185.00
270

185.00
271

185.00
272

185.00
273

185.00
274

184.00
275

185.00
276

185.00
277

185.00
278

185.00
279

185.00
280

185.00
281

185.00
282

184.00
283

185.00
284

185.00
285

185.00
286

185.00
287

185.00
288

185.00
289

185.00
290

184.00
291

186.00
292

185.00
293

185.00
294

185.00
295

185.00
296

185.00
297

185.00
298

185.00
299

185.00
300

185.00
301

185.00
302

184.00
303

185.00
304

185.00
305

185.00
306

185.00
307

185.00
308

185.00
309

186.00
310

185.00
311

185.00
312

185.00
313

185.00
314

184.00
315

185.00
316

185.00
317

185.00
318

184.00
319

185.00
320

185.00
321

185.00
322

185.00
323

185.00
324

185.00
325

185.00
326

185.00
327

185.00
328

184.00
329

185.00
330

184.00
331

185.00
332

185.00
333

186.00
334

185.00
335

185.00
336

185.00
337

185.00
338

185.00
339

184.00
340

185.00
341

185.00
342

185.00
343

185.00
344

185.00
345

185.00
346

185.00
347

186.00
348

185.00
349

185.00
350

185.00
351

185.00
352

185.00
353

185.00
354

184.00
355

185.00
356

185.00
357

185.00
358

185.00
359

185.00
360

185.00
361

185.00
362

184.00
363

185.00
364

184.00
365

185.00
366

185.00
367

185.00
368

185.00
369

185.00
370

185.00
371

185.00
372

185.00
373

185.00
374

184.00
375

185.00
376

185.00
377

185.00
378

186.00
379

185.00
380

184.00
381

186.00
382

185.00
383

185.00
384

185.00
385

185.00
386

185.00
387

185.00
388

185.00
389

185.00
390

186.00
391

186.00
392

185.00
393

186.00
394

185.00
395

186.00
396

186.00
397

185.00
398

186.00
399

186.00
400

186.00
401

186.00
402

185.00
403

186.00
404

186.00
405

186.00
406

187.00
407

188.00
408

187.00
409

188.00
410

189.00
411

191.00
412

191.00
413

191.00
414

192.00
415

193.00
416

194.00
417

194.00
418

198.00
419

204.00
420

203.00
421

203.00
422

205.00
423

207.00
424

208.00
425

208.00
426

219.00
427

227.00
428

222.00
429

223.00
430

224.00
431

228.00
432

228.00
433

229.00
434

243.00
435

247.00
436

243.00
437

247.00
438

247.00
439

252.00
440

250.00
441

251.00
442

274.00
443

278.00
444

270.00
445

280.00
446

282.00
447

284.00
448

285.00
449

279.00
450

305.00
451

313.00
452

300.00
453

310.00
454

317.00
455

321.00
456

323.00
457

322.00
458

355.00
459

368.00
460

356.00
461

364.00
462

364.00
463

373.00
464

374.00
465

374.00
466

411.00
467

420.00
468

413.00
469

422.00
470

430.00
471

444.00
472

440.00
473

432.00
474

472.00
475

479.00
476

479.00
477

487.00
478

488.00
479

492.00
480

499.00
481

498.00
482

544.00
483

558.00
484

534.00
485

553.00
486

552.00
487

570.00
488

568.00
489

577.00
490

639.00
491

642.00
492

641.00
493

651.00
494

643.00
495

667.00
496

657.00
497

669.00
498

737.00
499

744.00
500

750.00
501

763.00
502

773.00
503

770.00
504

768.00
505

774.00
506

830.00
507

844.00
508

825.00
509

847.00
510

857.00
511

857.00
512

847.00
513

856.00
514

857.00
515

857.00
516

857.00
517

857.00
518

856.00
519

857.00
520

857.00
521

857.00
522

857.00
523

857.00
524

857.00
525

857.00
526

857.00
527

857.00
528

856.00
529

857.00
530

856.00
531

857.00
532

857.00
533

856.00
534

857.00
535

857.00
536

857.00
537

857.00
538

857.00
539

857.00
540

857.00
541

857.00
542

857.00
543

857.00
544

857.00
545

857.00
546

857.00
547

857.00
548

857.00
549

857.00
550

857.00
551

857.00
552

857.00
553

857.00
554

857.00
555

857.00
556

857.00
557

857.00
558

857.00
559

857.00
560

858.00
561

857.00
562

857.00
563

857.00
564

857.00
565

857.00
566

857.00
567

857.00
568

857.00
569

856.00
570

858.00
571

857.00
572

856.00
573

857.00
574

857.00
575

856.00
576

857.00
577

857.00
578

857.00
579

857.00
580

857.00
581

858.00
582

857.00
583

858.00
584

856.00
585

856.00
586

857.00
587

857.00
588

857.00
589

857.00
590

857.00
591

857.00
592

857.00
593

857.00
594

857.00
595

857.00
596

857.00
597

857.00
598

857.00
599

857.00
600

857.00
601

858.00
602

857.00
603

857.00
604

857.00
605

857.00
606

857.00
607

857.00
608

857.00
609

857.00
610

855.00
611

857.00
612

856.00
613

857.00
614

857.00
615

857.00
616

856.00
617

857.00
618

857.00
619

857.00
620

857.00
621

857.00
622

858.00
623

857.00
624

857.00
625

857.00
626

857.00
627

857.00
628

857.00
629

857.00
630

857.00
631

857.00
632

857.00
633

857.00
634

857.00
635

858.00
636

857.00
637

857.00
638

857.00
639

857.00
640

857.00
641

857.00
642

857.00
643

857.00
644

857.00
645

857.00
646

858.00
647

857.00
648

857.00
649

857.00
650

857.00
651

857.00
652

857.00
653

857.00
654

857.00
655

857.00
656

857.00
657

857.00
658

857.00
659

856.00
660

857.00
661

857.00
662

857.00
663

857.00
664

857.00
665

857.00
666

857.00
667

857.00
668

857.00
669

857.00
670

857.00
671

857.00
672

857.00
673

856.00
674

857.00
675

857.00
676

857.00
677

857.00
678

857.00
679

857.00
680

857.00
681

857.00
682

856.00
683

857.00
684

856.00
685

857.00
686

857.00
687

857.00
688

857.00
689

857.00
690

856.00
691

857.00
692

857.00
693

857.00
694

857.00
695

856.00
696

858.00
697

857.00
698

857.00
699

857.00
700

856.00
701

858.00
702

857.00
703

857.00
704

858.00
705

857.00
706

857.00
707

857.00
708

857.00
709

857.00
710

857.00
711

856.00
712

857.00
713

857.00
714

857.00
715

857.00
716

857.00
717

857.00
718

857.00
719

858.00
720

857.00
721

857.00
722

857.00
723

857.00
724

857.00
725

857.00
726

857.00
727

857.00
728

857.00
729

857.00
730

858.00
731

857.00
732

857.00
733

857.00
734

857.00
735

857.00
736

856.00
737

856.00
738

856.00
739

857.00
740

857.00
741

857.00
742

857.00
743

857.00
744

857.00
745

857.00
746

857.00
747

857.00
748

857.00
749

857.00
750

857.00
751

857.00
752

856.00
753

857.00
754

857.00
755

857.00
756

857.00
757

857.00
758

857.00
759

857.00
760

857.00
761

857.00
762

857.00
763

857.00
764

857.00
765

857.00
766

858.00
767

857.00
768

857.00
769

857.00
770

857.00
771

857.00
772

857.00
773

857.00
774

857.00
775

857.00
776

857.00
777

857.00
778

857.00
779

857.00
780

857.00
781

857.00
782

857.00
783

857.00
784

857.00
785

857.00
786

857.00
787

857.00
788

857.00
789

857.00
790

857.00
791

857.00
792

857.00
793

856.00
794

857.00
795

857.00
796

857.00
797

857.00
798

857.00
799

857.00
800

857.00
801

857.00
802

856.00
803

857.00
804

858.00
805

857.00
806

857.00
807

857.00
808

857.00
809

858.00
810

856.00
811

857.00
812

857.00
813

857.00
814

857.00
815

857.00
816

856.00
817

857.00
818

857.00
819

857.00
820

857.00
821

857.00
822

857.00
823

856.00
824

857.00
825

857.00
826

766.00
827

710.00
828

744.00
829

711.00
830

661.00
831

637.00
832

654.00
833

632.00
834

515.00
835

442.00
836

447.00
837

443.00
838

409.00
839

388.00
840

398.00
841

387.00
842

310.00
843

285.00
844

293.00
845

292.00
846

278.00
847

273.00
848

268.00
849

269.00
850

248.00
851

236.00
852

235.00
853

233.00
854

231.00
855

230.00
856

228.00
857

231.00
858

227.00
859

231.00
860

231.00
861

230.00
862

234.00
863

227.00
864

226.00
865

227.00
866

233.00
867

233.00
868

225.00
869

230.00
870

225.00
871

228.00
872

229.00
873

229.00
874

226.00
875

229.00
876

226.00
877

229.00
878

228.00
879

228.00
880

228.00
881

227.00
882

229.00
883

228.00
884

224.00
885

226.00
886

223.00
887

231.00
888

223.00
889

226.00
890

225.00
891

230.00
892

225.00
893

226.00
894

223.00
895

223.00
896

225.00
897

222.00
898

226.00
899

223.00
900

223.00
901

223.00
902

224.00
903

222.00
904

224.00
905

221.00
906

224.00
907

222.00
908

221.00
909

223.00
910

220.00
911

222.00
912

221.00
913

223.00
914

223.00
915

223.00
916

219.00
917

223.00
918

219.00
919

220.00
920

221.00
921

218.00
922

219.00
923

220.00
924

220.00
925

218.00
926

218.00
927

221.00
928

217.00
929

219.00
930

219.00
931

219.00
932

219.00
933

217.00
934

217.00
935

217.00
936

217.00
937

217.00
938

218.00
939

219.00
940

216.00
941

218.00
942

218.00
943

217.00
944

217.00
945

217.00
946

218.00
947

216.00
948

216.00
949

216.00
950

216.00
951

216.00
952

214.00
953

216.00
954

216.00
955

215.00
956

214.00
957

215.00
958

214.00
959

213.00
960

214.00
961

213.00
962

213.00
963

214.00
964

212.00
965

213.00
966

212.00
967

212.00
968

213.00
969

212.00
970

212.00
971

211.00
972

212.00
973

212.00
974

212.00
975

212.00
976

212.00
977

211.00
978

211.00
979

211.00
980

210.00
981

210.00
982

210.00
983

210.00
984

210.00
985

210.00
986

208.00
987

210.00
988

208.00
989

210.00
990

209.00
991

209.00
992

208.00
993

208.00
994

209.00
995

207.00
996

209.00
997

208.00
998

207.00
999

208.00
1000

209.00
1001

208.00
1002

207.00
1003

207.00
1004

206.00
1005

208.00
1006

205.00
1007

207.00
1008

206.00
1009

207.00
1010

205.00
1011

206.00
1012

206.00
1013

206.00
1014

205.00
1015

206.00
1016

206.00
1017

205.00
1018

206.00
1019

204.00
1020

205.00
1021

204.00
1022

204.00
1023

204.00
1024

204.00
1025

204.00
1026

203.00
1027

204.00
1028

203.00
1029

204.00
1030

203.00
1031

204.00
1032

203.00
1033

203.00
1034

203.00
1035

202.00
1036

202.00
1037

202.00
1038

203.00
1039

202.00
1040

202.00
1041

202.00
1042

201.00
1043

202.00
1044

201.00
1045

202.00
1046

200.00
1047

200.00
1048

201.00
1049

202.00
1050

200.00
1051

201.00
1052

201.00
1053

200.00
1054

199.00
1055

200.00
1056

200.00
1057

200.00
1058

198.00
1059

201.00
1060

199.00
1061

199.00
1062

199.00
1063

198.00
1064

197.00
1065

197.00
1066

197.00
1067

197.00
1068

199.00
1069

197.00
1070

197.00
1071

196.00
1072

197.00
1073

198.00
1074

199.00
1075

200.00
1076

198.00
1077

199.00
1078

198.00
1079

199.00
1080

198.00
1081

198.00
1082

198.00
1083

198.00
1084

199.00
1085

198.00
1086

199.00
1087

199.00
1088

199.00
1089

197.00
1090

196.00
1091

198.00
1092

198.00
1093

198.00
1094

198.00
1095

197.00
1096

197.00
1097

197.00
1098

197.00
1099

197.00
1100

197.00
1101

197.00
1102

198.00
1103

196.00
1104

197.00
1105

198.00
1106

196.00
1107

196.00
1108

196.00
1109

197.00
1110

197.00
1111

197.00
1112

196.00
1113

196.00
1114

196.00
1115

195.00
1116

197.00
1117

195.00
1118

196.00
1119

196.00
1120

196.00
1121

197.00
1122

195.00
1123

197.00
1124

194.00
1125

193.00
1126

198.00
1127

194.00
1128

197.00
1129

194.00
1130

195.00
1131

194.00
1132

195.00
1133

196.00
1134

196.00
1135

195.00
1136

195.00
1137

196.00
1138

193.00
1139

193.00
1140

193.00
1141

195.00
1142

193.00
1143

193.00
1144

195.00
1145

193.00
1146

193.00
1147

193.00
1148

195.00
1149

193.00
1150

195.00
1151

194.00
1152

195.00
1153

193.00
1154

193.00
1155

194.00
1156

193.00
1157

193.00
1158

194.00
1159

194.00
1160

191.00
1161

192.00
1162

191.00
1163

192.00
1164

194.00
1165

193.00
1166

193.00
1167

192.00
1168

194.00
1169

193.00
1170

192.00
1171

192.00
1172

193.00
1173

185.00
1174

194.00
1175

222.00
1176

199.00
1177

193.00
1178

188.00
1179

188.00
1180

193.00
1181

194.00
1182

191.00
1183

188.00
1184

190.00
1185

192.00
1186

191.00
1187

192.00
1188

192.00
1189

192.00
1190

192.00
1191

191.00
1192

192.00
1193

205.00
1194

183.00
1195

193.00
1196

191.00
1197

188.00
1198

198.00
1199

191.00
1200

193.00
1201

193.00
1202

190.00
1203

191.00
1204

191.00
1205

191.00
1206

190.00
1207

190.00
1208

192.00
1209

190.00
1210

190.00
1211

191.00
1212

190.00
1213

190.00
1214

191.00
1215

189.00
1216

189.00
1217

191.00
1218

189.00
1219

189.00
1220

190.00
1221

187.00
1222

189.00
1223

190.00
1224

190.00
1225

191.00
1226

189.00
1227

188.00
1228

190.00
1229

190.00
1230

190.00
1231

190.00
1232

189.00
1233

189.00
1234

187.00
1235

190.00
1236

192.00
1237

189.00
1238

190.00
1239

189.00
1240

190.00
1241

188.00
1242

187.00
1243

188.00
1244

190.00
1245

189.00
1246

188.00
1247

188.00
1248

189.00
1249

190.00
1250

187.00
1251

189.00
1252

189.00
1253

189.00
1254

189.00
1255

188.00
1256

189.00
1257

189.00
1258

188.00
1259

189.00
1260

188.00
1261

189.00
1262

189.00
1263

188.00
1264

189.00
1265

189.00
1266

187.00
1267

188.00
1268

189.00
1269

188.00
1270

188.00
1271

188.00
1272

189.00
1273

188.00
1274

188.00
1275

187.00
1276

188.00
1277

188.00
1278

188.00
1279

188.00
1280

188.00
1281

187.00
1282

187.00
1283

187.00
1284

187.00
1285

187.00
1286

188.00
1287

187.00
1288

187.00
1289

188.00
1290

187.00
1291

187.00
1292

188.00
1293

188.00
1294

187.00
1295

187.00
1296

188.00
1297

188.00
1298

187.00
1299

186.00
1300

188.00
1301

188.00
1302

188.00
1303

188.00
1304

188.00
1305

188.00
1306

186.00
1307

187.00
1308

188.00
1309

187.00
1310

187.00
1311

188.00
1312

188.00
1313

187.00
1314

186.00
1315

186.00
1316

188.00
1317

186.00
1318

188.00
1319

187.00
1320

187.00
1321

187.00
1322

187.00
1323

187.00
1324

187.00
1325

187.00
1326

187.00
1327

187.00
1328

187.00
1329

187.00
1330

185.00
1331

186.00
1332

187.00
1333

186.00
1334

187.00
1335

187.00
1336

187.00
1337

187.00
1338

185.00
1339

187.00
1340

186.00
1341

186.00
1342

186.00
1343

187.00
1344

186.00
1345

186.00
1346

186.00
1347

186.00
1348

186.00
1349

186.00
1350

187.00
1351

187.00
1352

186.00
1353

187.00
1354

186.00
1355

186.00
1356

186.00
1357

186.00
1358

186.00
1359

186.00
1360

186.00
1361

186.00
1362

185.00
1363

185.00
1364

186.00
1365

186.00
1366

186.00
1367

186.00
1368

187.00
1369

186.00
1370

184.00
1371

186.00
1372

186.00
1373

185.00
1374

186.00
1375

186.00
1376

185.00
1377

185.00
1378

186.00
1379

185.00
1380

186.00
1381

186.00
1382

186.00
1383

185.00
1384

186.00
1385

186.00
1386

186.00
1387

186.00
1388

185.00
1389

185.00
1390

186.00
1391

186.00
1392

186.00
1393

186.00
1394

185.00
1395

185.00
1396

186.00
1397

185.00
1398

178.00
1399

185.00
1400

186.00
1401

187.00
1402

193.00
1403

187.00
1404

184.00
1405

185.00
1406

190.00
1407

192.00
1408

216.00
1409

218.00
1410

202.00
1411

237.00
1412

189.00
1413

275.00
1414

218.00
1415

200.00
1416

200.00
1417

222.00
1418

212.00
1419

196.00
1420

196.00
1421

208.00
1422

205.00
1423

215.00
1424

232.00
1425

193.00
1426

195.00
1427

208.00
1428

226.00
1429

210.00
1430

223.00
1431

223.00
1432

232.00
1433

223.00
1434

209.00
1435

206.00
1436

210.00
1437

191.00
1438

209.00
1439

203.00
1440

202.00
1441

201.00
1442

205.00
1443

206.00
1444

203.00
1445

210.00
1446

207.00
1447

203.00
1448

202.00
1449

206.00
1450

204.00
1451

203.00
1452

201.00
1453

204.00
1454

203.00
1455

208.00
1456

217.00
1457

212.00
1458

209.00
1459

212.00
1460

211.00
1461

206.00
1462

208.00
1463

206.00
1464

213.00
1465

214.00
1466

206.00
1467

211.00
1468

212.00
1469

213.00
1470

211.00
1471

212.00
1472

210.00
1473

212.00
1474

215.00
1475

212.00
1476

212.00
1477

211.00
1478

212.00
1479

216.00
1480

219.00
1481

219.00
1482

217.00
1483

215.00
1484

220.00
1485

225.00
1486

220.00
1487

219.00
1488

218.00
1489

217.00
1490

218.00
1491

219.00
1492

221.00
1493

221.00
1494

216.00
1495

212.00
1496

216.00
1497

212.00
1498

216.00
1499

219.00
1500

220.00
1501

217.00
1502

214.00
1503

214.00
1504

214.00
1505

216.00
1506

220.00
1507

213.00
1508

213.00
1509

209.00
1510

214.00
1511

212.00
1512

213.00
1513

215.00
1514

214.00
1515

211.00
1516

209.00
1517

213.00
1518

209.00
1519

210.00
1520

213.00
1521

212.00
1522

209.00
1523

209.00
1524

209.00
1525

208.00
1526

209.00
1527

210.00
1528

209.00
1529

211.00
1530

210.00
1531

212.00
1532

213.00
1533

209.00
1534

210.00
1535

213.00
1536

211.00
1537

211.00
1538

216.00
1539

217.00
1540

209.00
1541

211.00
1542

215.00
1543

213.00
1544

211.00
1545

212.00
1546

214.00
1547

207.00
1548

209.00
1549

212.00
1550

211.00
1551

210.00
1552

203.00
1553

206.00
1554

212.00
1555

215.00
1556

217.00
1557

215.00
1558

214.00
1559

215.00
1560

217.00
1561

214.00
1562

214.00
1563

214.00
1564

214.00
1565

207.00
1566

209.00
1567

213.00
1568

212.00
1569

212.00
1570

210.00
1571

212.00
1572

210.00
1573

211.00
1574

211.00
1575

207.00
1576

204.00
1577

205.00
1578

206.00
1579

206.00
1580

205.00
1581

205.00
1582

203.00
1583

203.00
1584

203.00
1585

205.00
1586

203.00
1587

203.00
1588

206.00
1589

207.00
1590

206.00
1591

206.00
1592

207.00
1593

205.00
1594

205.00
1595

208.00
1596

209.00
1597

206.00
1598

207.00
1599

207.00
1600

