184.00
0

184.00
1

183.00
2

184.00
3

183.00
4

183.00
5

184.00
6

184.00
7

185.00
8

184.00
9

184.00
10

184.00
11

184.00
12

184.00
13

184.00
14

184.00
15

184.00
16

184.00
17

184.00
18

184.00
19

185.00
20

183.00
21

185.00
22

185.00
23

185.00
24

185.00
25

185.00
26

184.00
27

186.00
28

185.00
29

185.00
30

185.00
31

186.00
32

184.00
33

185.00
34

185.00
35

185.00
36

184.00
37

185.00
38

185.00
39

186.00
40

185.00
41

186.00
42

185.00
43

186.00
44

185.00
45

186.00
46

185.00
47

186.00
48

185.00
49

185.00
50

186.00
51

186.00
52

185.00
53

186.00
54

183.00
55

185.00
56

185.00
57

185.00
58

183.00
59

185.00
60

184.00
61

185.00
62

185.00
63

185.00
64

184.00
65

185.00
66

185.00
67

185.00
68

184.00
69

185.00
70

184.00
71

185.00
72

185.00
73

185.00
74

184.00
75

185.00
76

184.00
77

184.00
78

184.00
79

185.00
80

184.00
81

185.00
82

185.00
83

185.00
84

184.00
85

185.00
86

184.00
87

185.00
88

185.00
89

184.00
90

184.00
91

185.00
92

185.00
93

184.00
94

185.00
95

185.00
96

184.00
97

185.00
98

184.00
99

185.00
100

184.00
101

184.00
102

185.00
103

184.00
104

184.00
105

184.00
106

184.00
107

185.00
108

184.00
109

185.00
110

184.00
111

184.00
112

185.00
113

184.00
114

184.00
115

185.00
116

184.00
117

184.00
118

184.00
119

184.00
120

184.00
121

184.00
122

185.00
123

185.00
124

184.00
125

185.00
126

184.00
127

185.00
128

184.00
129

184.00
130

185.00
131

183.00
132

183.00
133

184.00
134

183.00
135

184.00
136

183.00
137

183.00
138

184.00
139

184.00
140

184.00
141

183.00
142

183.00
143

184.00
144

184.00
145

185.00
146

184.00
147

184.00
148

184.00
149

184.00
150

184.00
151

184.00
152

184.00
153

185.00
154

184.00
155

184.00
156

184.00
157

184.00
158

184.00
159

184.00
160

184.00
161

184.00
162

184.00
163

185.00
164

184.00
165

184.00
166

184.00
167

184.00
168

183.00
169

184.00
170

184.00
171

184.00
172

183.00
173

183.00
174

184.00
175

184.00
176

184.00
177

184.00
178

184.00
179

184.00
180

184.00
181

184.00
182

184.00
183

184.00
184

184.00
185

183.00
186

185.00
187

184.00
188

184.00
189

185.00
190

184.00
191

185.00
192

184.00
193

184.00
194

184.00
195

184.00
196

184.00
197

184.00
198

184.00
199

185.00
200

184.00
201

183.00
202

184.00
203

184.00
204

184.00
205

183.00
206

184.00
207

185.00
208

183.00
209

184.00
210

184.00
211

184.00
212

184.00
213

183.00
214

184.00
215

184.00
216

184.00
217

183.00
218

184.00
219

184.00
220

185.00
221

184.00
222

184.00
223

183.00
224

184.00
225

184.00
226

184.00
227

183.00
228

184.00
229

184.00
230

184.00
231

184.00
232

184.00
233

184.00
234

184.00
235

185.00
236

184.00
237

184.00
238

185.00
239

184.00
240

185.00
241

184.00
242

184.00
243

185.00
244

184.00
245

185.00
246

183.00
247

184.00
248

185.00
249

184.00
250

184.00
251

184.00
252

184.00
253

185.00
254

184.00
255

184.00
256

185.00
257

184.00
258

185.00
259

184.00
260

184.00
261

185.00
262

184.00
263

185.00
264

184.00
265

184.00
266

185.00
267

184.00
268

184.00
269

183.00
270

184.00
271

185.00
272

183.00
273

185.00
274

185.00
275

184.00
276

185.00
277

184.00
278

184.00
279

184.00
280

184.00
281

185.00
282

184.00
283

184.00
284

184.00
285

184.00
286

184.00
287

184.00
288

183.00
289

185.00
290

184.00
291

184.00
292

183.00
293

184.00
294

184.00
295

184.00
296

184.00
297

184.00
298

184.00
299

184.00
300

184.00
301

184.00
302

184.00
303

184.00
304

185.00
305

183.00
306

184.00
307

184.00
308

184.00
309

183.00
310

183.00
311

183.00
312

184.00
313

183.00
314

184.00
315

184.00
316

184.00
317

184.00
318

184.00
319

183.00
320

184.00
321

183.00
322

184.00
323

183.00
324

184.00
325

184.00
326

183.00
327

184.00
328

183.00
329

183.00
330

184.00
331

183.00
332

183.00
333

183.00
334

183.00
335

184.00
336

184.00
337

183.00
338

184.00
339

184.00
340

184.00
341

183.00
342

183.00
343

183.00
344

183.00
345

184.00
346

183.00
347

183.00
348

184.00
349

183.00
350

184.00
351

183.00
352

183.00
353

184.00
354

184.00
355

184.00
356

184.00
357

183.00
358

184.00
359

184.00
360

184.00
361

185.00
362

184.00
363

184.00
364

184.00
365

184.00
366

184.00
367

184.00
368

185.00
369

184.00
370

184.00
371

185.00
372

184.00
373

184.00
374

184.00
375

184.00
376

186.00
377

184.00
378

184.00
379

185.00
380

184.00
381

185.00
382

184.00
383

184.00
384

185.00
385

184.00
386

185.00
387

184.00
388

185.00
389

185.00
390

185.00
391

185.00
392

185.00
393

184.00
394

185.00
395

184.00
396

185.00
397

186.00
398

185.00
399

185.00
400

185.00
401

185.00
402

186.00
403

184.00
404

186.00
405

185.00
406

185.00
407

185.00
408

185.00
409

186.00
410

185.00
411

184.00
412

185.00
413

185.00
414

185.00
415

186.00
416

185.00
417

185.00
418

185.00
419

185.00
420

186.00
421

185.00
422

186.00
423

185.00
424

185.00
425

186.00
426

185.00
427

185.00
428

185.00
429

185.00
430

186.00
431

185.00
432

185.00
433

185.00
434

185.00
435

185.00
436

185.00
437

185.00
438

186.00
439

185.00
440

185.00
441

185.00
442

185.00
443

184.00
444

185.00
445

186.00
446

185.00
447

184.00
448

186.00
449

185.00
450

185.00
451

184.00
452

184.00
453

185.00
454

185.00
455

184.00
456

186.00
457

185.00
458

186.00
459

185.00
460

185.00
461

185.00
462

185.00
463

186.00
464

185.00
465

185.00
466

186.00
467

184.00
468

184.00
469

185.00
470

185.00
471

185.00
472

184.00
473

185.00
474

185.00
475

183.00
476

185.00
477

184.00
478

185.00
479

185.00
480

185.00
481

186.00
482

185.00
483

183.00
484

184.00
485

184.00
486

183.00
487

182.00
488

182.00
489

183.00
490

182.00
491

176.00
492

179.00
493

179.00
494

179.00
495

177.00
496

177.00
497

177.00
498

177.00
499

171.00
500

169.00
501

169.00
502

170.00
503

168.00
504

167.00
505

167.00
506

167.00
507

153.00
508

152.00
509

151.00
510

153.00
511

148.00
512

146.00
513

148.00
514

147.00
515

125.00
516

129.00
517

130.00
518

131.00
519

126.00
520

124.00
521

124.00
522

124.00
523

103.00
524

104.00
525

104.00
526

103.00
527

94.00
528

97.00
529

96.00
530

97.00
531

88.00
532

88.00
533

87.00
534

88.00
535

87.00
536

88.00
537

89.00
538

88.00
539

88.00
540

89.00
541

88.00
542

88.00
543

88.00
544

88.00
545

89.00
546

88.00
547

88.00
548

88.00
549

88.00
550

88.00
551

88.00
552

88.00
553

87.00
554

88.00
555

88.00
556

88.00
557

87.00
558

87.00
559

88.00
560

88.00
561

89.00
562

88.00
563

88.00
564

87.00
565

88.00
566

87.00
567

88.00
568

88.00
569

88.00
570

88.00
571

88.00
572

89.00
573

88.00
574

89.00
575

87.00
576

88.00
577

88.00
578

89.00
579

88.00
580

89.00
581

88.00
582

89.00
583

88.00
584

89.00
585

88.00
586

89.00
587

88.00
588

89.00
589

89.00
590

89.00
591

89.00
592

89.00
593

89.00
594

89.00
595

89.00
596

89.00
597

88.00
598

89.00
599

88.00
600

89.00
601

88.00
602

89.00
603

89.00
604

89.00
605

88.00
606

89.00
607

88.00
608

90.00
609

89.00
610

89.00
611

89.00
612

89.00
613

89.00
614

88.00
615

88.00
616

89.00
617

88.00
618

88.00
619

88.00
620

89.00
621

89.00
622

89.00
623

88.00
624

90.00
625

89.00
626

89.00
627

88.00
628

90.00
629

89.00
630

90.00
631

89.00
632

90.00
633

90.00
634

89.00
635

89.00
636

89.00
637

89.00
638

88.00
639

89.00
640

90.00
641

89.00
642

90.00
643

89.00
644

90.00
645

88.00
646

90.00
647

89.00
648

90.00
649

89.00
650

90.00
651

89.00
652

90.00
653

89.00
654

90.00
655

89.00
656

90.00
657

89.00
658

90.00
659

89.00
660

90.00
661

89.00
662

89.00
663

89.00
664

90.00
665

88.00
666

89.00
667

89.00
668

89.00
669

89.00
670

89.00
671

89.00
672

90.00
673

89.00
674

90.00
675

88.00
676

89.00
677

88.00
678

89.00
679

88.00
680

89.00
681

88.00
682

89.00
683

89.00
684

89.00
685

89.00
686

89.00
687

89.00
688

89.00
689

88.00
690

89.00
691

88.00
692

89.00
693

89.00
694

89.00
695

89.00
696

89.00
697

87.00
698

89.00
699

89.00
700

90.00
701

89.00
702

90.00
703

89.00
704

90.00
705

89.00
706

90.00
707

89.00
708

90.00
709

89.00
710

90.00
711

89.00
712

90.00
713

89.00
714

90.00
715

89.00
716

90.00
717

89.00
718

90.00
719

88.00
720

90.00
721

89.00
722

90.00
723

89.00
724

89.00
725

89.00
726

89.00
727

89.00
728

89.00
729

90.00
730

89.00
731

90.00
732

90.00
733

89.00
734

90.00
735

90.00
736

89.00
737

89.00
738

90.00
739

90.00
740

89.00
741

90.00
742

90.00
743

89.00
744

90.00
745

90.00
746

90.00
747

90.00
748

90.00
749

90.00
750

90.00
751

91.00
752

90.00
753

90.00
754

89.00
755

90.00
756

90.00
757

91.00
758

90.00
759

90.00
760

90.00
761

90.00
762

89.00
763

90.00
764

90.00
765

90.00
766

90.00
767

90.00
768

90.00
769

90.00
770

89.00
771

90.00
772

90.00
773

90.00
774

90.00
775

90.00
776

90.00
777

90.00
778

90.00
779

90.00
780

90.00
781

90.00
782

90.00
783

90.00
784

90.00
785

90.00
786

90.00
787

91.00
788

90.00
789

91.00
790

90.00
791

90.00
792

90.00
793

91.00
794

90.00
795

91.00
796

90.00
797

91.00
798

90.00
799

91.00
800

90.00
801

90.00
802

90.00
803

91.00
804

90.00
805

91.00
806

90.00
807

91.00
808

90.00
809

91.00
810

90.00
811

91.00
812

89.00
813

91.00
814

90.00
815

91.00
816

90.00
817

91.00
818

90.00
819

91.00
820

90.00
821

91.00
822

90.00
823

91.00
824

90.00
825

91.00
826

90.00
827

91.00
828

90.00
829

91.00
830

90.00
831

90.00
832

90.00
833

89.00
834

90.00
835

91.00
836

90.00
837

91.00
838

90.00
839

91.00
840

91.00
841

91.00
842

90.00
843

91.00
844

90.00
845

91.00
846

90.00
847

91.00
848

91.00
849

91.00
850

91.00
851

90.00
852

90.00
853

91.00
854

90.00
855

92.00
856

90.00
857

91.00
858

90.00
859

92.00
860

90.00
861

90.00
862

90.00
863

90.00
864

90.00
865

90.00
866

90.00
867

90.00
868

90.00
869

90.00
870

90.00
871

90.00
872

91.00
873

90.00
874

90.00
875

91.00
876

90.00
877

90.00
878

90.00
879

90.00
880

90.00
881

90.00
882

90.00
883

90.00
884

89.00
885

90.00
886

91.00
887

90.00
888

89.00
889

90.00
890

91.00
891

91.00
892

91.00
893

90.00
894

90.00
895

90.00
896

91.00
897

90.00
898

91.00
899

90.00
900

91.00
901

90.00
902

91.00
903

90.00
904

91.00
905

90.00
906

90.00
907

90.00
908

91.00
909

90.00
910

90.00
911

90.00
912

90.00
913

90.00
914

90.00
915

90.00
916

90.00
917

90.00
918

90.00
919

90.00
920

90.00
921

90.00
922

90.00
923

90.00
924

91.00
925

90.00
926

90.00
927

90.00
928

90.00
929

90.00
930

91.00
931

121.00
932

128.00
933

124.00
934

121.00
935

128.00
936

133.00
937

131.00
938

129.00
939

131.00
940

135.00
941

135.00
942

135.00
943

133.00
944

134.00
945

135.00
946

133.00
947

137.00
948

139.00
949

135.00
950

138.00
951

138.00
952

137.00
953

136.00
954

138.00
955

139.00
956

137.00
957

136.00
958

139.00
959

139.00
960

139.00
961

139.00
962

140.00
963

141.00
964

143.00
965

142.00
966

141.00
967

144.00
968

141.00
969

142.00
970

143.00
971

144.00
972

145.00
973

143.00
974

142.00
975

142.00
976

146.00
977

145.00
978

147.00
979

146.00
980

145.00
981

146.00
982

145.00
983

147.00
984

146.00
985

149.00
986

147.00
987

148.00
988

147.00
989

149.00
990

149.00
991

150.00
992

148.00
993

150.00
994

149.00
995

151.00
996

150.00
997

151.00
998

151.00
999

152.00
1000

151.00
1001

150.00
1002

152.00
1003

153.00
1004

151.00
1005

152.00
1006

153.00
1007

155.00
1008

154.00
1009

153.00
1010

155.00
1011

156.00
1012

153.00
1013

154.00
1014

153.00
1015

157.00
1016

154.00
1017

157.00
1018

154.00
1019

157.00
1020

157.00
1021

156.00
1022

154.00
1023

155.00
1024

156.00
1025

157.00
1026

156.00
1027

159.00
1028

158.00
1029

158.00
1030

157.00
1031

157.00
1032

157.00
1033

157.00
1034

161.00
1035

162.00
1036

159.00
1037

157.00
1038

159.00
1039

160.00
1040

160.00
1041

159.00
1042

160.00
1043

162.00
1044

158.00
1045

160.00
1046

159.00
1047

161.00
1048

160.00
1049

161.00
1050

160.00
1051

164.00
1052

161.00
1053

161.00
1054

163.00
1055

161.00
1056

164.00
1057

162.00
1058

162.00
1059

167.00
1060

163.00
1061

162.00
1062

163.00
1063

164.00
1064

163.00
1065

162.00
1066

165.00
1067

166.00
1068

164.00
1069

164.00
1070

163.00
1071

166.00
1072

165.00
1073

165.00
1074

166.00
1075

168.00
1076

165.00
1077

165.00
1078

165.00
1079

165.00
1080

165.00
1081

165.00
1082

166.00
1083

170.00
1084

167.00
1085

167.00
1086

167.00
1087

167.00
1088

169.00
1089

168.00
1090

169.00
1091

169.00
1092

170.00
1093

168.00
1094

167.00
1095

169.00
1096

169.00
1097

168.00
1098

169.00
1099

173.00
1100

170.00
1101

169.00
1102

170.00
1103

169.00
1104

170.00
1105

171.00
1106

171.00
1107

173.00
1108

171.00
1109

171.00
1110

170.00
1111

170.00
1112

171.00
1113

171.00
1114

171.00
1115

173.00
1116

172.00
1117

172.00
1118

172.00
1119

172.00
1120

172.00
1121

172.00
1122

172.00
1123

175.00
1124

173.00
1125

172.00
1126

172.00
1127

173.00
1128

173.00
1129

173.00
1130

174.00
1131

176.00
1132

174.00
1133

173.00
1134

175.00
1135

174.00
1136

173.00
1137

174.00
1138

174.00
1139

175.00
1140

173.00
1141

173.00
1142

173.00
1143

174.00
1144

174.00
1145

174.00
1146

174.00
1147

175.00
1148

175.00
1149

174.00
1150

175.00
1151

175.00
1152

176.00
1153

176.00
1154

175.00
1155

178.00
1156

175.00
1157

175.00
1158

176.00
1159

176.00
1160

176.00
1161

175.00
1162

175.00
1163

178.00
1164

176.00
1165

175.00
1166

175.00
1167

176.00
1168

176.00
1169

176.00
1170

177.00
1171

178.00
1172

176.00
1173

176.00
1174

176.00
1175

176.00
1176

176.00
1177

177.00
1178

176.00
1179

178.00
1180

177.00
1181

177.00
1182

177.00
1183

177.00
1184

177.00
1185

177.00
1186

177.00
1187

179.00
1188

177.00
1189

176.00
1190

177.00
1191

176.00
1192

177.00
1193

177.00
1194

178.00
1195

181.00
1196

177.00
1197

177.00
1198

178.00
1199

178.00
1200

177.00
1201

177.00
1202

178.00
1203

179.00
1204

178.00
1205

178.00
1206

179.00
1207

178.00
1208

178.00
1209

177.00
1210

177.00
1211

180.00
1212

179.00
1213

179.00
1214

178.00
1215

179.00
1216

179.00
1217

178.00
1218

178.00
1219

180.00
1220

178.00
1221

178.00
1222

178.00
1223

179.00
1224

179.00
1225

178.00
1226

180.00
1227

182.00
1228

179.00
1229

180.00
1230

180.00
1231

180.00
1232

179.00
1233

179.00
1234

179.00
1235

181.00
1236

180.00
1237

179.00
1238

180.00
1239

180.00
1240

180.00
1241

180.00
1242

180.00
1243

182.00
1244

179.00
1245

180.00
1246

180.00
1247

180.00
1248

181.00
1249

180.00
1250

179.00
1251

183.00
1252

180.00
1253

179.00
1254

180.00
1255

180.00
1256

180.00
1257

180.00
1258

180.00
1259

183.00
1260

180.00
1261

180.00
1262

180.00
1263

181.00
1264

181.00
1265

181.00
1266

181.00
1267

182.00
1268

180.00
1269

181.00
1270

181.00
1271

180.00
1272

181.00
1273

181.00
1274

181.00
1275

183.00
1276

180.00
1277

181.00
1278

181.00
1279

181.00
1280

181.00
1281

180.00
1282

180.00
1283

183.00
1284

181.00
1285

181.00
1286

181.00
1287

182.00
1288

180.00
1289

181.00
1290

181.00
1291

183.00
1292

182.00
1293

182.00
1294

183.00
1295

182.00
1296

181.00
1297

181.00
1298

181.00
1299

183.00
1300

182.00
1301

182.00
1302

182.00
1303

182.00
1304

182.00
1305

182.00
1306

181.00
1307

183.00
1308

182.00
1309

182.00
1310

182.00
1311

183.00
1312

182.00
1313

183.00
1314

182.00
1315

183.00
1316

183.00
1317

183.00
1318

183.00
1319

184.00
1320

183.00
1321

183.00
1322

182.00
1323

184.00
1324

183.00
1325

183.00
1326

183.00
1327

183.00
1328

182.00
1329

182.00
1330

183.00
1331

183.00
1332

182.00
1333

183.00
1334

183.00
1335

183.00
1336

183.00
1337

183.00
1338

183.00
1339

183.00
1340

183.00
1341

183.00
1342

182.00
1343

183.00
1344

184.00
1345

183.00
1346

182.00
1347

183.00
1348

183.00
1349

183.00
1350

183.00
1351

184.00
1352

183.00
1353

182.00
1354

182.00
1355

184.00
1356

182.00
1357

183.00
1358

183.00
1359

183.00
1360

183.00
1361

183.00
1362

183.00
1363

183.00
1364

183.00
1365

182.00
1366

183.00
1367

183.00
1368

183.00
1369

183.00
1370

183.00
1371

184.00
1372

183.00
1373

184.00
1374

183.00
1375

183.00
1376

183.00
1377

183.00
1378

183.00
1379

183.00
1380

183.00
1381

183.00
1382

183.00
1383

184.00
1384

184.00
1385

183.00
1386

183.00
1387

184.00
1388

183.00
1389

182.00
1390

184.00
1391

184.00
1392

183.00
1393

183.00
1394

183.00
1395

184.00
1396

183.00
1397

183.00
1398

184.00
1399

183.00
1400

183.00
1401

183.00
1402

183.00
1403

184.00
1404

184.00
1405

184.00
1406

184.00
1407

184.00
1408

183.00
1409

183.00
1410

183.00
1411

183.00
1412

183.00
1413

184.00
1414

184.00
1415

184.00
1416

184.00
1417

183.00
1418

183.00
1419

184.00
1420

183.00
1421

183.00
1422

184.00
1423

184.00
1424

184.00
1425

184.00
1426

185.00
1427

184.00
1428

184.00
1429

184.00
1430

184.00
1431

184.00
1432

183.00
1433

184.00
1434

184.00
1435

184.00
1436

185.00
1437

185.00
1438

184.00
1439

184.00
1440

184.00
1441

183.00
1442

184.00
1443

183.00
1444

184.00
1445

183.00
1446

184.00
1447

184.00
1448

184.00
1449

183.00
1450

184.00
1451

184.00
1452

184.00
1453

184.00
1454

185.00
1455

184.00
1456

184.00
1457

184.00
1458

184.00
1459

184.00
1460

183.00
1461

185.00
1462

184.00
1463

184.00
1464

184.00
1465

185.00
1466

184.00
1467

184.00
1468

183.00
1469

184.00
1470

183.00
1471

184.00
1472

184.00
1473

182.00
1474

182.00
1475

184.00
1476

184.00
1477

183.00
1478

183.00
1479

183.00
1480

183.00
1481

183.00
1482

184.00
1483

184.00
1484

183.00
1485

183.00
1486

183.00
1487

183.00
1488

183.00
1489

183.00
1490

184.00
1491

183.00
1492

184.00
1493

183.00
1494

182.00
1495

183.00
1496

183.00
1497

183.00
1498

182.00
1499

183.00
1500

183.00
1501

183.00
1502

183.00
1503

183.00
1504

183.00
1505

183.00
1506

182.00
1507

183.00
1508

182.00
1509

183.00
1510

183.00
1511

183.00
1512

183.00
1513

182.00
1514

183.00
1515

183.00
1516

183.00
1517

182.00
1518

183.00
1519

183.00
1520

183.00
1521

183.00
1522

183.00
1523

183.00
1524

182.00
1525

183.00
1526

182.00
1527

183.00
1528

184.00
1529

183.00
1530

181.00
1531

182.00
1532

183.00
1533

182.00
1534

182.00
1535

183.00
1536

183.00
1537

182.00
1538

183.00
1539

183.00
1540

182.00
1541

182.00
1542

183.00
1543

182.00
1544

182.00
1545

182.00
1546

182.00
1547

182.00
1548

182.00
1549

183.00
1550

183.00
1551

182.00
1552

182.00
1553

182.00
1554

182.00
1555

182.00
1556

182.00
1557

183.00
1558

182.00
1559

182.00
1560

183.00
1561

182.00
1562

182.00
1563

182.00
1564

182.00
1565

181.00
1566

182.00
1567

182.00
1568

182.00
1569

182.00
1570

182.00
1571

182.00
1572

182.00
1573

181.00
1574

182.00
1575

182.00
1576

182.00
1577

182.00
1578

183.00
1579

183.00
1580

182.00
1581

182.00
1582

182.00
1583

182.00
1584

181.00
1585

182.00
1586

182.00
1587

182.00
1588

182.00
1589

182.00
1590

182.00
1591

182.00
1592

182.00
1593

182.00
1594

182.00
1595

182.00
1596

182.00
1597

181.00
1598

181.00
1599

181.00
1600
